-2.8341621608494316 3.8356154558265763
1.538275849608592 2.378606253630304
-1.465508365831991 2.1014090930885647
0.3624373220082635 2.723009897615441
-1.2715009292449435 -3.7924092260213103
0.8825269763207784 -2.724604903768178
-1.8291644571797354 -3.598775711607124
-1.4435809364187886 -0.887986152644066
-0.47118981292114714 1.7596122032572117
0.8524808913291464 -0.8753466348468955
-1.8014837450044325 -2.361553357829803
-1.0615854107651488 0.11372244662488029
2.710065678060605 3.483565309000343
2.755632141741467 -1.336768385322344
-0.14030269146444585 3.0038865887905706
-1.7725423205274005 -0.24431533022392404
0.6604391631084026 -2.81762616280038
2.4203449781693465 3.0409634697705448
0.6998038441398413 3.0033006669319935
-0.2690293718330272 -2.896749969126441
2.291379163694307 3.265034837139205
2.556846457298591 -1.9008285049844442
0.36499242598705894 3.807235950759871
1.3026417055387265 -1.6843687457847674
2.872006973204618 -2.9442991690808027
-0.7910483429730002 3.9173884217350547
-2.1605861769915733 -1.3851866660875771
-2.952670276131947 -2.817689740884034
-2.274545899509146 1.5278930547391854
0.15339446971488702 -3.692715783412381
-2.7717801747345345 -0.6038983150426427
1.9997110891606278 -3.1387664208121
2.5721503789126956 1.0700489119852534
0.31906665647911936 -3.4082008154100176
0.41074402756490347 1.2345466919973385
1.1020882809721346 2.1974748182579473
-1.2465342677338231 1.9694431140173378
2.9589861208004837 1.669061151938454
-1.102709369362591 3.5408397700642675
0.8421045108459557 2.518194336139148
-2.9304924739581772 3.7497527032926277
0.36778095288783064 -1.1425826995891377
-1.9600060190372433 -0.5402769692352365
2.273462540388742 -3.6343629741402603
-1.7070366206093641 2.1554733825430397
0.5605576023347849 0.022458016262557834
-1.8493999900100166 2.7995561179384447
-2.6222395302636743 1.7812314376300025
-1.591615639986649 3.887418032421091
-1.139095231413634 -3.839366776222426
2.592813934743333 3.054456439695895
2.0873343727039986 3.2477580040641536
1.2587055504208982 -3.97864337541494
-1.736380425873421 -2.9782663324432654
-1.265702463407298 0.9757211728892186
0.8480989110076549 -3.2583868930684714
-1.7992994510111573 -1.5216287135238744
-2.2425599103887115 -2.5899476817393774
-2.059917570350585 -3.051301105779154
-2.2087206207799195 -2.0741007895188934
-2.695454766001869 0.38083471114168876
-1.2405874026609907 1.9185393794378562
0.7816461324087589 1.0897026829901177
2.5196120709507674 0.12673591530359207
0.4618563967862803 -2.7491509482932965
1.7564277049653132 0.5613467887059276
1.2569547791053024 -0.8223620774228317
2.509081225174011 3.0186569229815303
2.917125054911887 -1.144332685300693
-1.7930894977533167 -0.014301039127381898
1.9600106163472102 -2.702547515326578
-2.7025985709158897 -2.7485774275249035
-2.3864232325686325 1.20278259745018
0.5343103747887374 -0.841989912955623
0.5588800203975186 -0.012916241816860463
1.5137070906447203 -2.319408313982347
1.532772326658872 1.8143240188991916
0.9583581519941973 -2.0953616793919076
1.9166349410316883 -0.2583903474549043
2.5117836639089584 1.8525221383186494
1.4153031377811152 -1.3712398683878844
2.8161156319461265 1.1361552653209284
-0.3083196003868389 -2.0615180303169085
-1.3753619947538542 -3.7645586343809896
-2.008946070313077 2.297150301357706
-0.9969338887049588 2.262120426854839
1.7567269955234996 -0.12560297521487573
-0.042260597601065264 -1.1331017367347211
1.6407244385736792 2.91511954226569
-0.6995227311292997 1.2846543047983694
1.0012519038688792 2.4849217163951165
0.7771323207706367 -1.5611278588584137
0.377536413254135 3.199201938382383
0.5679221906073444 3.018710308673011
2.7843605520321963 -0.20852191700841605
-1.3107906287434308 -1.226068465656394
-1.3250691717883005 1.6701241092573706
2.6489067566500006 1.0017435965549462
-1.6954228018367579 -0.6668065235539284
-0.33509309442109636 3.7500409066460616
-1.9448437084769814 2.6675650731931677
1.2715636275941566 -1.9154482021272692
-1.3577526507701814 1.8580305022904078
-2.0368851431603097 -0.24663777933701514
-2.318425132746766 -3.373015881811898
1.4223966245882078 -3.7902888388861573
2.1525473455529403 3.0122345721988104
0.5941253080834201 -2.5117109895004317
-1.7146918339629484 -0.7806842794060902
0.9072342433544591 3.720756794127346
1.7346908257969194 -0.8555621285834718
1.654799338045244 -0.6863544905419703
1.7751665112946267 0.5618267221283944
2.5389207687410007 -1.7423278059768723
-2.9342339490036315 3.8726397089839484
-2.516564327846022 0.3839509130589924
-2.1977918617308725 0.5537015027845076
0.8964467919890344 -0.619344580315822
-2.9760548756085625 0.8223257370792769
2.370707584810641 1.083508162496659
1.0775700267280266 1.6845492642924098
-1.135608511719115 3.2101052713210914
0.13156464063861995 3.291164665295467
0.7571525662114569 -2.2933165041150216
-0.5308932978183849 -1.5832537722501225
-2.570492961222688 -2.4901197676101345
2.704795047616991 -3.67750866150792
-1.2132660338982098 0.11537454650086865
1.510318410841526 -3.583485142836623
-1.3228407779562585 -3.233966249060175
1.8981257214271032 -0.6243478884961489
-2.9530978837479296 0.9531826987049259
2.8570848423626316 2.339415160012278
-0.8624307298242719 0.65226813359331
0.12962138525926825 0.7846099963309783
1.5550081896002999 -3.956862473785975
-2.4139076810554463 -1.5617952681059242
-1.4159162141060704 -3.890751166333363
-2.3261093101492003 0.174447059752608
-1.262574225777765 2.4645189341762546
2.187559942568302 -3.6424763642314417
2.6710244047961105 -3.7777035588357846
0.0826387205472825 2.2948148748544437
-1.4352003257795258 -1.695107162748827
2.3518873697636664 2.4987518075116384
-2.717049241922398 1.9434320153958682
2.1844649564769316 -0.2613607038811745
-0.4402573765110378 -0.7379249281082538
-0.41983533042155585 -2.372400414851646
-2.95437146343302 0.714793785095929
0.999356888410885 0.6355588682189088
-0.022112005802719548 -1.5122016348273206
-0.6595246626129092 -1.8166493681772318
2.956316436780873 -2.746609510324186
-1.365762209487401 -1.967407141208695
2.048526965440707 1.787778670671158
-1.9151257078527808 -1.3549236012989576
0.5987454958266252 0.4560851627466622
1.5918175221428497 -0.4444816284361339
-0.5360719024118898 -3.620437374722787
-2.8294585511233326 2.0028399012900797
1.916848082559187 -1.562698669056168
1.820028163255179 -2.841979643025093
1.007963029709427 2.883138118173793
-2.537007122817708 2.442522278276324
-2.236504921974802 -0.9368410576196808
0.7494144453628793 -2.341320471533331
2.5767210602194828 0.9072274122979129
-1.312504954316573 2.4075219472660168
2.0391037085390424 -0.030849956664951605
-0.8464871272532877 0.11226006631907381
-0.7882782501549732 -0.3591611036293054
-0.34297593030229034 0.07179457456384775
2.8087749772079045 2.670700012757435
-0.6973887124322911 0.7498776667216056
-2.845826869871044 2.562546807642791
-2.9661731954542585 -1.6438933998765473
-1.8194871858877901 1.2306623955800768
-0.5661236127510705 -2.304480478349044
-1.0513425293645189 0.9238418827157169
-2.2674801369286888 -0.34020829715561973
0.5403311369783186 -3.4991663183940487
-2.8788389139776154 -1.102667731385269
-2.272268189153925 -2.0336154592456106
-2.418541313925205 -2.6314514039965022
-0.6475857629227928 -1.4926833825788313
0.6154750044469761 1.7425828022145282
0.6568920211834008 3.640470277313465
0.22903011060274725 3.331941740340473
-0.23424319711105834 -2.4046838895051135
-2.81350890555698 2.7626004023489488
-0.03627163727039706 2.5934747717139413
-2.6527450308929295 -0.21471956752784482
0.8900348203613575 1.2186347380552283
-2.996872501563911 -0.4112998948644053
0.012195895611010421 1.7004049801385808
2.852382979323922 3.285604976728836
-0.30902330257085087 2.6809285086005694
-0.8991296433701512 1.2437715899535515
-1.709998438216 2.2430555469340065
-2.0653580404266014 -2.8484312019199116
-0.7943139311170695 0.10071338616640002
0.8784666413361641 2.8755492281254513
-2.4962508715270095 -1.2218812841530742
1.9945199282709751 -3.3730774076228087
-1.4644597009074676 3.0234958954390905
-0.23550975583895184 -1.4996307842398906
1.8427322346634547 -3.2418176759032598
-0.9438071330871316 0.7390584916488478
-1.2170319356503774 -0.2785009223663568
1.1101317061568592 -3.066081437258072
-1.843220805832499 3.56640100645944
-0.37681861859397703 1.7409618646664677
2.9921559526742465 0.744016997850995
-1.295071635715584 3.21535307870276
-2.4264687650051924 1.5831605652054748
0.1394743766553712 -3.1080826012452745
-2.036749588082704 -2.1172421284153238
-2.7649341525674105 1.294833185622064
1.236908691732638 3.8519870050596934
-1.738155752891745 2.7250475827686262
-0.6600899790144652 3.00254793472734
1.9011097174249167 -3.3056031680237083
2.4976698188497775 3.1311527267132044
1.0118569145127898 -0.7481217725849314
2.666724787956399 -1.96096182174551
1.2077679656668145 2.0780760326490553
-0.07083334235533201 -3.777416615638466
-1.7532998049609805 1.2671761171908722
-2.7767979938386613 1.0813089464105898
2.2861257546486833 0.26536503253485666
1.085500195271588 -0.20623258238611175
-2.517744671606369 3.5248894940303375
-0.568673989434612 1.6827286225730358
0.01745316555637144 -0.9425955192019009
-0.8117358755168564 3.917249685718464
-0.9130469794172038 0.6619231128218139
1.9435213900815942 1.6870481386927647
2.1801009036588157 3.047921173921007
0.8877493881996075 -2.601065241829801
-2.195982339827049 -0.07258699812516944
1.0240664058162565 0.2924764256444323
0.6460971330067933 -2.0747004491039416
2.6467317320334676 1.0965690607274494
1.3548430167728105 -3.5554928145121307
-2.4590474009261585 -3.826910438084271
2.097401347506592 -3.0154643412165
0.5546550879041829 1.7767865965295293
-2.5020772571545455 -2.3831089264851064
-0.025942734185480987 -0.6494188736875293
-0.13479688729521788 -2.54894153081837
-1.2503956762773742 2.5844319751785134
-0.01652201983942181 -0.07059251030129143
1.3321380927574458 1.7604050305431844
0.7820151315775608 -1.2174041982019164
2.6795130478428355 -3.6218424792392305
1.6563133636062908 -2.598789630414621
-2.515161983172857 -2.5424826559607805
1.220404317938252 3.965975321719415
2.7876462819698054 3.2385671064274852
-2.8051022203902383 -0.031953867211595544
2.2555674843944065 2.9760974960065516
-2.021133497176086 -2.9025968416472994
0.16591145986214695 1.8835468484788276
0.47562185644187593 -2.880391448158523
-1.2687170030295618 -0.9196714339478422
-1.8819794468263475 -0.4281479215002477
-1.453383669452682 2.7284300814648335
1.3928790077555533 -2.5016815014779317
0.5570355363885731 -3.5434334609491938
-0.1104346654751911 -1.0553749958269414
-0.7825747402001513 1.3976953269789991
2.3899471099763314 -0.37867705771450755
1.5605075655201919 0.13883234813871592
2.0780288668298077 0.784771031816299
-1.0857977622319008 -0.15829779544753997
1.548674794577857 3.564226259173794
0.2372149663735743 2.0674909306832063
0.8709993258416846 -1.789282406686521
-0.8487017536398205 -0.8528141458395373
-1.4944694132425578 2.8047848853942874
0.8063718284939045 -3.8138123502193544
-0.7575489329816971 2.055981523279547
2.4819925996437675 1.6698974822593957
1.3343137639666276 -0.2636639800556475
0.051080700726927386 3.8489336239466763
-2.874453391766968 2.232691473222962
1.1511408639917242 -0.148867208848789
-0.03223238840300979 -0.9521967252969814
0.8551730682650387 0.28939213445815426
-0.42427400996626563 -2.5488050125276747
1.589265151779749 3.0368636528387514
0.18812048415710958 0.08857217830104158
-0.9381425830458441 -0.5405464603011465
-0.673541292393768 1.3131513840672193
-0.09411103229606521 -1.6233826715434114
-2.997097700114831 -1.6280589286477731
1.1720254973540092 3.188987067980853
0.7040332981344029 3.4145855135104792
1.86287755999017 0.20455467237643798
